image: xkggyyds.pgm
resolution: 0.050000
origin: [-7.647751, -4.889182, 0.000000]
negate: 0
occupied_thresh: 0.65
free_thresh: 0.196

